540,433,23,54
553,429,24,54
557,427,25,54
554,424,29,54
558,421,23,53
559,417,23,53
551,416,21,51
543,414,20,50
531,411,20,49
521,408,23,50
513,406,20,50
512,406,20,50
487,403,23,49
471,402,21,48
455,401,20,48
436,399,23,49
420,398,21,47
426,398,21,47
382,394,23,49
367,393,19,48
351,392,19,47
335,391,20,48
321,389,19,48
312,390,19,48
345,390,19,48
361,401,19,48
592,422,19,48
722,451,19,48
1550,543,-270,48
1549,542,-269,48
2113,655,-833,48
5052,970,-3772,-250
7056,1378,-5776,-658
17046,2428,-15766,-1708
23631,3787,-22351,-3067
23630,3786,-22350,-3066
57453,7345,-56173,-6625
78822,11831,-77542,-11111
192708,23732,-191428,-23012
261304,38533,-260024,-37813
644143,78279,-642863,-77559
644142,78278,-642862,-77558
863562,127008,-862282,-126288
2150246,259739,-2148966,-259019
2848742,419962,-2847462,-419242
7173712,863127,-7172432,-862407
9388596,1389710,-9387316,-1388990
9388596,1389709,-9387316,-1388989
23929819,2869555,-23928539,-2868835
30924095,4599094,-30922815,-4598374
79827031,9541603,-79825751,-9540883
101811943,15219280,-101810663,-15218560
266325671,31729634,-266324391,-31728914
266325671,31729634,-266324391,-31728914
335063575,50358556,-335062295,-50357836
888676087,105522040,-888674807,-105521320
1102263671,166611032,-1102262391,-166610312
2965845751,350959304,-2965844471,-350958584
3624677111,551168552,-3624675831,-551167832
3624677111,551168552,-3624675831,-551167832
9899934711,1167365864,-9899933431,-1167365144
11914365943,1823112808,-11914364663,-1823112088
33051985911,3883250664,-33051984631,-3883249944
39145402359,6029608424,-39145401079,-6029607704
110368866295,12918838248,-110368865015,-12918837528
110368866295,12918838248,-110368865015,-12918837528
128554713079,19939252200,-128554711799,-19939251480
368622239735,42982576104,-368622238455,-42982575384
421969297399,65928085480,-421969296119,-65928084760
1231415279607,143022260200,-1231415278327,-143022259480
1384351924215,217957236712,-1384351922935,-217957235992
1384351924215,217957236712,-1384351922935,-217957235992
4114505269239,475946876904,-4114505267959,-475946876184
4539114586103,720457957352,-4539114584823,-720457956632
13750637690871,1584011280360,-13750637689591,-1584011279640
14874412318711,2381111099368,-14874412317431,-2381111098648
45964471566327,5272352325608,-45964471565047,-5272352324888
45964471566327,5272352325608,-45964471565047,-5272352324888
48712034287607,7868308783080,-48712034286327,-7868308782360
153680238084087,17550856421352,-153680238082807,-17550856420632
159419992113143,25996243763176,-159419992111863,-25996243762456
513939678953463,58430752554984,-513939678952183,-58430752554264
521363093716983,85874440142824,-521363093715703,-85874440142104
521363093716983,85874440142824,-521363093715703,-85874440142104
1719121997725687,194551868293096,-1719121997724407,-194551868292376
1703757691748343,283620681973736,-1703757691747063,-283620681973016
5751799801708535,647860517339112,-5751799801707255,-647860517338392
5563171817390071,936545200635880,-5563171817388791,-936545200635160
19248877337051127,2157652519944168,-19248877337049847,-2157652519943448
19248877337051127,2157652519944168,-19248877337049847,-2157652519943448
18149271219994615,3091950714486760,-18149271219993335,-3091950714486040
64433786569359351,7186821389746152,-64433786569358071,-7186821389745432
59154855150747639,10205757123330024,-59154855150746359,-10205757123329304
215739952489562103,23941382511001576,-215739952489560823,-23941382511000856
192613031069351927,33679239454654440,-192613031069350647,-33679239454653720
192613031069351927,33679239454654440,-192613031069350647,-33679239454653720
722533826990964727,79766459038826472,-722533826990963447,-79766459038825752
626486057466068983,111116653692977128,-626486057466067703,-111116653692976408
2420463248118644727,265798019662741480,-2420463248118643447,-265798019662740760
2035308722955223031,366514298379304936,-2035308722955221751,-366514298379304216
8110608545185005559,885819550052909032,-8110608545185004279,-885819550052908312
8110608545185005559,885819550052909032,-8110608545185004279,-885819550052908312
6603904880690069495,1208627024277536744,-6603904880690068215,-1208627024277536024
27184727906389590007,2952586194032001000,-27184727906389588727,-2952586194032000280
21398160937125412855,3984536405693956072,-21398160937125411575,-3984536405693955352
91141272003468591095,9842955635199573992,-91141272003468589815,-9842955635199573272
69231708417055260663,13132322790575177704,-69231708417055259383,-13132322790575176984
69231708417055260663,13132322790575177704,-69231708417055259383,-13132322790575176984
305650827275962154999,32818282439485947880,-305650827275962153719,-32818282439485947160
223628807956244463607,43269045903496839144,-223628807956244462327,-43269045903496838424
1025317427558605651959,109439828298033004520,-1025317427558605650679,-109439828298033003800
721070562282104160247,142520869827301605352,-721070562282104158967,-142520869827301604632
3440449500035931963383,365011120298844487656,-3440449500035931962103,-365011120298844486936
3440449500035931963383,365011120298844487656,-3440449500035931962103,-365011120298844486936
2320486885614554185719,469286304986702020584,-2320486885614554184439,-469286304986702019864
11547763121133795147767,1217614305879140597736,-11547763121133795146487,-1217614305879140597016
7451514643008913932279,1544713843039803539432,-7451514643008913930999,-1544713843039803538712
38771097378865018830839,4062452622096162881512,-38771097378865018829559,-4062452622096162880792
23871156436291660283895,5082775487299270475752,-23871156436291660282615,-5082775487299270475032
23871156436291660283895,5082775487299270475752,-23871156436291660282615,-5082775487299270475032
130210963737496552210423,13556378688040197947368,-130210963737496552209143,-13556378688040197946648
76269126222264200593399,16718136435935188877288,-76269126222264200592119,-16718136435935188876568
437439315550108741795831,45245760433548995592168,-437439315550108741794551,-45245760433548995591448
242959291977458044108791,54966699164434918539240,-242959291977458044107511,-54966699164434918538520
1470010514825184630800375,151040310172468700512232,-1470010514825184630799095,-151040310172468700511512
1470010514825184630800375,151040310172468700512232,-1470010514825184630799095,-151040310172468700511512
771375175081731834249207,180645235733346176204776,-771375175081731834247927,-180645235733346176204056
4941478638359424178061303,504301881317075244285928,-4941478638359424178060023,-504301881317075244285208
2439786547315155916554231,593413886567914869358568,-2439786547315155916552951,-593413886567914869357848
16616082274305588072546295,1684120432136850637848552,-16616082274305588072545015,-1684120432136850637847832
7683494334735228174598135,1948417022544052693762024,-7683494334735228174596855,-1948417022544052693761304
7683494334735228174598135,1948417022544052693762024,-7683494334735228174596855,-1948417022544052693761304
55890364857952876378456055,5625257935997671409975272,-55890364857952876378454775,-5625257935997671409974552
24076927866835655779680247,6394209886249501765664744,-24076927866835655779678967,-6394209886249501765664024
188054244101531675085766647,18793195832922404525441000,-188054244101531675085765367,-18793195832922404525440280
75011037667965314325807095,20972942664255743016828904,-75011037667965314325805815,-20972942664255743016828184
632948519579889466634928119,62798564444778679628726248,-632948519579889466634926839,-62798564444778679628725528
632948519579889466634928119,62798564444778679628726248,-632948519579889466634926839,-62798564444778679628725528
232105253416990821440290807,68751960558349276487352296,-232105253416990821440289527,-68751960558349276487351576
2131050959530235390500798455,209890023996463145524658152,-2131050959530235390500797175,-209890023996463145524657432
712372451928771837881745399,225241588882044971475009512,-712372451928771837881744119,-225241588882044971475008792
7177290469876861354152820727,701663526698173084463005672,-7177290469876861354152819447,-701663526698173084463004952
2164894979521341420336054263,737450874283956268141903848,-2164894979521341420336052983,-737450874283956268141903128
2164894979521341420336054263,737450874283956268141903848,-2164894979521341420336052983,-737450874283956268141903128
24180726459806566488083529719,2346189875425664072970928104,-24180726459806566488083528439,-2346189875425664072970927384
6499099023059934072195252215,2412794427447962728417722344,-6499099023059934072195250935,-2412794427447962728417721624
81493170039909037005969817591,7846871862003896555474517992,-81493170039909037005969816311,-7846871862003896555474517272
19209919818048011391928893431,7888429277348959792060694504,-19209919818048011391928892151,-7888429277348959792060693784
274736817209229919399039729655,26250117037448115151999860712,-274736817209229919399039728375,-26250117037448115151999859992
274736817209229919399039729655,26250117037448115151999860712,-274736817209229919399039728375,-26250117037448115151999859992
55636825170451765785291390967,25770447384317113809063903208,-55636825170451765785291389687,-25770447384317113809063902488
926524677161565547039631081463,87835327115868902006544400360,-926524677161565547039631080183,-87835327115868902006544399640
156720524780420279695889661943,84118390236134067216005988328,-156720524780420279695889660663,-84118390236134067216005987608
3125663199503788355652721573879,293976474949612181664290570216,-3125663199503788355652721572599,-293976474949612181664290569496
424039269268432211346737594359,274328842524041845009738104808,-424039269268432211346737593079,-274328842524041845009738104088
424039269268432211346737594359,274328842524041845009738104808,-424039269268432211346737593079,-274328842524041845009738104088
10548068786417138660720989175799,984154699887641001198138425320,-10548068786417138660720989174519,-984154699887641001198138424600
1076709682848018381242026164215,893788703797267085018026475496,-1076709682848018381242026162935,-893788703797267085018026474776
35608170154147298187915493900279,3295517579391098658356232978408,-35608170154147298187915493898999,-3295517579391098658356232977688
2435929311472865706776320802807,2909038199738682183095471308776,-2435929311472865706776320801527,-2909038199738682183095471308056
120246541674867416556688017194999,11038126210211042430754932916200,-120246541674867416556688017193719,-11038126210211042430754932915480
120246541674867416556688017194999,11038126210211042430754932916200,-120246541674867416556688017193719,-11038126210211042430754932915480
4170709755094552532351371444215,9457586265053433164777476063208,-4170709755094552532351371442935,-9457586265053433164777476062488
406201938126856250143160840224759,36981161714593467917179394457576,-406201938126856250143160840223479,-36981161714593467917179394456856
375845517027358745211399307255,30710615812905657831254472523752,-375845517027358745211399305975,-30710615812905657831254472523032
1372644008780140358751722628186103,123931347573052806281192441642984,-1372644008780140358751722628184823,-123931347573052806281192441642264
0,99593417386482559325575466450920,19,-99593417386482559325575466450200
0,99593417386482559325575466450920,19,-99593417386482559325575466450200
4640026119753804316257292856066039,415431206661617264442003307888616,-4640026119753804316257292856064759,-415431206661617264442003307887896
0,322521098719413538041472693043176,19,-322521098719413538041472693042456
15690232651781334447420428104237047,1392952879352131754179045848252392,-15690232651781334447420428104235767,-1392952879352131754179045848251672
0,1042836511046371755416594461753320,19,-1042836511046371755416594461752600
53074341953566508488340941557465079,4671913907740746605413350672170984,-53074341953566508488340941557463799,-4671913907740746605413350672170264
53074341953566508488340941557465079,4671913907740746605413350672170984,-53074341953566508488340941557463799,-4671913907740746605413350672170264
0,3366225433410405145554890801545192,19,-3366225433410405145554890801544472
179591506959402629808723262267457527,15673870798282099576327086379368424,-179591506959402629808723262267456247,-15673870798282099576327086379367704
0,10845977683531434341656720954097640,19,-10845977683531434341656720954096920
607900577688847181258342525434855415,52599596900260722294438227014057960,-607900577688847181258342525434854135,-52599596900260722294438227014057240
0,34874880356496104631896757497757672,19,-34874880356496104631896757497756952
0,34874880356496104631896757497757672,19,-34874880356496104631896757497756952
2058374599695842340555053634672394231,176569269472133502386879934737940456,-2058374599695842340555053634672392951,-176569269472133502386879934737939736
0,111887843253902239912409617368350696,19,-111887843253902239912409617368349976
6972054849719157485987939940558700535,592892584934176373448841478782582760,-6972054849719157485987939940558699255,-592892584934176373448841478782582040
0,358073859257686816023305706002186216,19,-358073859257686816023305706002185496
23623323042962772663262236531035734007,1991438052770366000824447279879421928,-23623323042962772663262236531035732727,-1991438052770366000824447279879421208
23623323042962772663262236531035734007,1991438052770366000824447279879421928,-23623323042962772663262236531035732727,-1991438052770366000824447279879421208
0,1142766337555332582457166024675426280,19,-1142766337555332582457166024675425560
80068974874986118503886289624874614775,6690968540925750354958863965205037032,-80068974874986118503886289624874613495,-6690968540925750354958863965205036312
0,3635727136454380866532869019384414184,19,-3635727136454380866532869019384413464
271474941377657488403587123756000083959,22487652617326705137672961083184250856,-271474941377657488403587123756000082679,-22487652617326705137672961083184250136
0,11526579577996059821528524681660858344,19,-11526579577996059821528524681660857624
0,11526579577996059821528524681660858344,19,-11526579577996059821528524681660857624
