1047,512,118,89
1071,509,91,76
1079,508,89,75
1082,508,86,90
1086,508,73,100
1087,511,73,100
1071,519,66,98
1055,527,82,111
1034,540,91,104
1018,551,85,98
1004,559,79,96
1000,557,79,96
978,549,72,103
960,539,79,106
953,533,75,108
950,528,69,110
928,519,84,112
918,517,84,112
899,502,88,117
900,504,73,116
895,509,73,116
889,518,76,116
894,526,65,119
875,510,65,119
895,552,66,121
895,568,67,121
893,572,66,124
887,569,66,123
872,559,72,120
862,548,72,120
859,522,69,93
846,471,72,96
841,422,72,107
840,398,71,108
839,387,69,102
837,389,69,102
835,377,69,88
835,380,67,80
832,391,65,71
824,403,67,64
820,415,67,63
821,421,67,63
793,448,78,56
774,463,90,56
769,477,86,51
738,487,103,53
746,490,81,49
750,488,81,49
719,497,88,49
695,507,91,48
682,514,81,47
653,517,83,49
635,521,74,49
626,523,74,49
584,536,72,55
584,545,65,56
577,553,77,59
589,558,66,65
585,560,64,70
580,562,64,70
578,562,72,79
590,563,59,77
590,557,57,86
578,541,58,97
576,547,52,87
579,555,52,87
552,536,60,88
547,527,58,86
553,517,41,86
543,510,35,78
532,497,39,84
528,499,39,84
518,490,40,77
511,483,41,76
512,474,38,80
508,472,37,77
502,467,40,77
501,466,40,77
498,464,40,78
499,463,39,79
501,465,36,84
500,470,39,76
499,475,43,73
501,475,43,73
517,486,32,73
512,492,40,78
524,500,34,79
527,510,35,77
534,519,35,73
537,519,35,73
547,537,39,78
556,543,39,69
561,512,62,106
575,552,42,65
589,559,43,59
593,557,43,59
613,570,52,68
629,574,53,60
644,572,53,60
677,574,44,44
693,567,44,44
692,566,44,44
716,552,44,44
726,539,44,44
785,583,55,42
807,581,56,44
843,589,56,44
842,588,56,44
861,595,56,44
879,556,45,51
888,536,41,53
882,511,52,64
893,494,41,76
891,499,41,76
897,490,41,76
898,486,41,76
898,486,41,76
895,488,41,76
896,483,39,32
897,470,39,32
889,472,39,32
895,481,53,38
902,478,59,42
912,474,58,41
912,463,48,49
909,457,48,49
915,460,43,42
910,455,48,44
913,448,45,51
911,443,45,50
913,438,42,57
915,436,42,57
912,431,41,60
911,427,42,61
911,424,45,59
919,422,41,55
926,418,42,53
929,415,42,53
931,416,48,59
934,416,51,56
936,415,50,59
934,413,51,61
929,412,51,62
927,410,51,62
920,408,53,60
919,406,49,58
911,401,53,58
913,398,47,56
911,392,49,63
912,389,49,63
908,387,46,61
910,384,42,65
910,383,41,66
905,382,45,65
895,381,54,66
893,379,54,66
910,383,41,65
906,383,47,66
919,384,39,67
914,387,49,66
928,391,41,66
930,391,41,66
950,399,36,62
960,403,38,64
974,405,37,62
986,407,39,62
993,407,45,61
991,407,45,61
1017,409,40,60
1028,409,40,61
1037,412,41,59
1048,415,46,58
1066,417,40,56
1068,418,40,56
1095,426,49,54
1114,432,45,53
1125,438,54,52
1145,444,54,54
1160,452,58,54
1161,457,58,54
1184,468,64,56
1190,472,70,56
1195,470,70,58
1192,464,70,64
1182,450,60,72
1176,451,60,72
1115,389,42,84
1061,347,61,92
1022,299,66,93
1000,271,62,78
998,266,58,62
1005,263,58,62
998,263,68,68
996,267,83,66
1002,278,78,62
979,298,92,75
953,316,97,78
945,317,97,78
916,360,87,82
900,370,69,80
882,372,68,72
861,366,61,71
842,361,62,72
841,370,62,72
805,371,62,64
791,373,64,69
779,366,63,84
768,367,64,83
752,355,66,97
748,351,66,97
730,338,60,103
717,330,61,102
704,323,65,103
696,315,67,104
692,307,65,102
688,299,65,102
691,292,66,88
701,284,59,79
697,276,68,75
719,269,50,85
716,263,53,89
708,257,53,89
717,250,55,78
722,241,51,80
729,234,46,76
732,229,44,75
735,224,41,74
733,222,41,74
739,215,39,73
741,213,36,69
742,211,33,67
736,207,35,65
728,204,39,67
727,204,39,67
718,208,35,68
704,218,45,68
702,226,34,70
683,233,41,71
675,238,34,70
676,237,34,70
640,249,46,71
628,256,43,69
616,261,34,68
594,266,38,70
580,273,35,73
578,274,35,73
551,291,34,76
535,299,35,73
516,304,41,76
502,307,41,79
490,307,41,77
489,305,41,77
469,312,40,73
458,317,41,69
454,321,39,71
452,327,36,73
450,336,32,74
446,339,32,74
440,349,35,74
439,354,33,72
436,359,35,74
437,366,32,72
434,368,34,71
432,367,34,71
439,371,30,71
444,374,27,71
451,379,25,69
448,382,32,67
457,384,30,66
457,385,30,66
466,393,36,65
472,400,37,63
464,406,43,58
471,411,40,59
477,410,40,59
476,409,40,59
461,430,30,52
454,436,30,54
439,441,37,55
431,446,34,49
423,447,32,51
419,449,32,51
405,450,41,52
391,451,34,50
384,452,32,53
374,452,32,52
363,452,37,56
361,453,37,56
345,452,37,58
335,451,35,61
327,450,29,62
318,448,28,64
309,446,27,65
307,445,27,65
291,442,31,66
282,443,35,63
267,440,41,58
255,432,43,57
242,426,46,55
238,424,46,55
228,425,36,60
223,427,33,65
216,431,30,60
215,430,26,57
215,428,25,60
216,428,25,60
215,426,25,56
214,425,27,57
215,423,26,54
219,422,22,53
222,420,25,54
223,419,25,54
232,418,23,51
240,417,23,48
249,416,23,49
258,416,23,47
270,415,23,48
271,414,23,48
296,415,20,42
311,414,21,42
323,414,21,41
335,414,22,40
345,414,21,37
343,412,21,37
372,413,17,36
384,413,18,35
399,412,18,36
414,413,17,34
431,414,17,30
432,413,17,30
464,414,16,28
480,413,16,27
499,413,12,26
517,412,11,25
532,412,12,26
531,413,12,26
559,412,14,24
573,411,14,25
587,408,15,28
600,404,18,29
608,397,18,29
607,394,18,29
620,379,24,30
627,375,22,25
630,369,22,25
641,370,15,20
645,369,19,24
647,369,19,24
653,377,18,22
655,381,17,23
652,386,20,26
655,392,18,23
663,396,12,13
666,393,12,13
661,397,12,13
655,398,12,13
647,399,12,13
640,399,12,13
662,397,12,10
674,395,12,10
662,395,10,11
654,397,10,11
663,394,10,17
665,394,10,17
664,394,11,19
660,394,11,19
664,395,10,19
663,396,11,19
662,396,10,19
659,397,11,18
655,398,12,18
655,397,12,18
651,399,12,18
645,400,12,18
645,399,9,18
643,399,7,18
638,400,8,17
638,399,8,17
624,400,12,17
618,400,13,16
614,400,11,16
611,400,8,17
606,399,7,15
606,397,7,15
592,399,9,17
588,400,8,16
583,399,8,16
579,399,6,12
574,398,6,12
573,398,6,12
564,400,7,15
559,400,7,12
554,400,7,15
549,400,7,15
543,399,7,16
542,398,7,16
534,399,6,15
528,399,7,16
523,399,6,15
518,400,5,13
512,400,7,15
511,400,7,15
501,400,7,13
496,400,7,13
490,400,6,12
486,400,5,10
482,400,5,10
481,399,5,10
476,401,5,10
473,402,5,10
471,403,5,10
469,404,5,10
468,405,5,10
467,404,5,10
541,399,4,8
557,396,4,8
583,399,4,8
603,399,4,8
620,400,4,8
619,399,4,8
668,400,4,8
683,399,4,8
716,401,4,8
742,401,4,9
760,401,4,9
759,400,4,9
810,402,5,10
815,403,5,12
838,405,5,12
809,403,3,8
804,403,4,9
804,404,4,9
807,394,4,9
789,389,4,9
785,403,4,8
749,408,4,8
734,415,4,8
733,414,4,8
766,403,4,9
742,394,4,9
729,394,4,9
691,392,4,9
668,393,4,9
667,392,4,9
679,390,4,9
649,389,4,9
636,394,4,9
610,394,4,9
593,395,4,9
592,394,4,9
597,393,4,9
551,397,5,8
539,403,5,8
519,402,5,8
510,402,5,8
509,401,5,8
513,400,5,8
483,400,5,8
482,402,5,8
474,399,5,8
473,399,5,8
472,398,5,8
482,398,5,8
469,398,5,8
480,400,5,8
484,398,5,8
492,399,5,8
491,398,5,8
508,399,5,8
508,399,5,8
526,400,5,8
538,398,5,8
550,398,5,8
549,397,5,8
568,398,5,8
574,398,5,8
592,399,5,8
605,398,5,8
616,398,5,8
615,397,5,8
631,398,5,8
736,346,6,10
743,335,6,10
779,338,6,10
734,354,6,10
733,353,6,10
777,368,6,10
866,359,6,10
880,353,6,10
926,353,6,10
902,344,6,10
901,343,6,10
936,342,6,10
987,333,6,10
982,333,6,10
1012,342,6,10
1003,338,6,10
1002,337,6,10
1026,338,6,10
1061,329,6,10
1044,325,6,10
1058,328,6,10
1046,323,6,10
1045,322,6,10
1050,324,6,10
1068,321,6,10
1045,319,6,10
1050,321,6,10
1038,315,6,10
1037,314,6,10
1030,314,6,10
1035,312,6,10
1010,310,6,10
1009,312,6,10
1000,308,6,10
999,307,6,10
989,307,6,10
992,305,6,10
973,302,6,10
973,303,6,10
970,300,6,10
969,299,6,10
964,299,6,10
973,298,6,10
967,295,6,10
974,295,6,10
982,291,6,10
981,290,6,10
985,289,6,10
1002,287,6,10
1007,284,6,10
1023,283,6,10
1041,280,6,10
1040,279,6,10
1054,278,6,10
1079,276,6,10
1095,272,6,10
1118,270,6,10
1143,266,6,10
1142,265,6,10
1162,263,6,10
1191,261,6,10
1213,257,6,10
1239,255,6,10
1268,251,6,10
1267,250,6,10
1289,248,-9,10
1318,245,-38,10
1340,241,-60,10
1365,238,-85,10
1391,234,-111,10
1390,233,-110,10
1410,231,-130,10
1435,228,-155,10
1454,224,-174,10
1475,221,-195,10
1495,217,-215,10
1494,216,-214,10
