538,352,92,219
537,359,93,217
536,365,92,217
536,370,92,221
537,380,91,218
536,387,91,218
534,392,93,223
532,403,94,222
532,411,94,221
531,417,93,222
530,424,95,225
530,424,95,225
527,437,98,225
526,444,99,225
526,447,98,226
524,448,100,227
523,449,100,229
522,446,100,229
520,450,104,231
519,451,105,230
518,451,105,230
517,453,106,229
517,453,106,230
516,453,106,230
514,456,109,227
513,456,109,227
512,457,109,226
512,456,111,227
511,456,111,232
511,454,111,232
509,447,114,229
511,438,111,228
510,428,113,227
512,418,112,227
511,414,112,225
511,416,112,225
509,409,116,227
509,408,116,227
509,408,117,228
510,408,116,229
510,408,118,228
510,409,118,228
511,407,118,229
511,407,120,229
512,407,119,229
514,406,118,228
514,405,119,230
513,403,119,230
516,404,120,230
517,404,119,230
519,404,118,229
520,403,117,227
521,400,118,228
521,399,118,228
524,398,117,228
525,398,116,227
526,399,118,226
528,398,118,226
529,397,118,229
528,397,118,229
533,399,116,228
535,399,115,229
536,400,117,229
539,400,117,228
541,399,115,228
540,398,115,228
546,399,115,227
548,398,115,227
550,398,115,226
552,396,115,227
554,396,115,227
553,396,115,227
558,394,115,227
561,395,114,225
562,394,115,227
564,393,114,227
566,393,115,224
566,392,115,224
570,390,115,228
571,390,115,227
573,389,115,228
575,388,115,226
577,388,115,228
577,388,115,228
582,385,115,227
585,385,116,226
586,384,116,227
588,383,117,226
592,381,116,227
592,380,116,227
596,380,116,225
598,378,117,226
600,378,116,226
604,378,115,226
605,377,116,227
604,376,116,227
611,378,116,225
614,378,114,226
617,378,114,227
619,380,118,226
621,380,118,228
620,380,118,228
628,386,113,229
632,388,111,230
635,391,110,228
638,393,112,229
641,394,112,230
641,394,112,230
648,395,109,232
651,396,111,230
654,395,112,231
656,395,109,230
659,393,108,230
658,392,108,230
668,389,102,230
670,388,102,229
671,386,104,230
676,385,101,230
678,383,99,230
677,382,99,230
682,380,99,228
684,379,97,228
686,375,97,229
684,374,101,228
686,372,99,226
685,371,99,226
690,368,96,225
691,365,97,224
693,362,97,225
693,358,97,224
693,354,99,222
692,353,99,222
696,348,96,221
697,344,97,221
697,340,96,220
697,336,98,218
696,333,99,216
695,333,99,216
697,321,98,216
696,317,100,214
696,311,100,214
695,306,101,212
696,301,100,211
696,300,100,211
696,290,101,208
695,286,102,204
697,281,100,202
693,275,102,200
693,269,100,199
691,268,100,199
694,262,97,196
692,261,99,193
691,260,99,191
690,259,99,190
688,261,100,187
688,261,100,187
688,267,98,184
687,271,97,182
683,276,100,180
682,280,99,178
682,283,98,177
682,282,98,177
680,289,97,172
680,290,96,172
678,292,97,168
679,294,94,167
677,297,95,163
676,297,95,163
675,302,93,158
675,306,93,155
674,311,92,152
673,316,90,151
672,321,90,151
672,321,90,151
671,336,89,145
670,342,88,145
668,349,89,143
668,356,87,142
667,364,86,139
667,364,86,139
665,378,85,134
664,384,84,131
664,389,83,131
663,396,82,128
663,403,80,127
663,403,80,127
662,416,79,123
660,424,79,121
660,432,78,118
660,436,78,120
659,441,78,120
658,440,78,120
657,447,78,120
657,464,75,110
657,471,73,107
657,476,73,107
656,480,73,107
655,479,73,107
654,484,73,107
652,490,73,107
651,491,73,107
650,493,73,107
649,494,73,107
648,493,73,107
647,495,73,107
645,496,73,107
644,494,73,107
643,493,73,107
642,491,73,107
641,490,73,107
640,489,73,107
639,487,73,107
638,483,73,107
637,480,73,107
636,476,73,107
635,475,73,107
635,472,73,107
634,468,73,107
633,463,73,107
632,459,73,107
631,454,73,107
630,453,73,107
630,449,73,107
629,444,73,107
628,439,73,107
627,434,73,107
626,429,73,107
625,428,73,107
625,424,73,107
624,419,73,107
623,414,73,107
622,409,73,107
621,405,73,107
620,404,73,107
620,401,73,107
619,397,73,107
619,394,73,107
618,391,73,107
617,389,73,107
616,388,73,107
617,387,73,107
616,385,73,107
616,384,73,107
616,383,73,107
615,383,73,107
614,382,73,107
615,383,73,107
615,383,73,107
615,384,73,107
615,385,73,107
615,387,73,107
614,386,73,107
615,389,73,107
615,391,73,107
615,393,73,107
615,395,73,107
615,398,73,107
614,397,73,107
615,401,73,107
615,404,73,107
615,407,73,107
615,410,73,107
615,413,73,107
614,412,73,107
615,416,73,107
615,419,73,107
615,422,73,107
615,425,73,107
615,428,73,107
614,427,73,107
615,431,73,107
615,434,73,107
615,437,73,107
615,440,73,107
615,443,73,107
614,442,73,107
615,446,73,107
615,449,73,107
615,452,73,107
615,454,73,107
615,456,73,107
614,455,73,107
616,458,73,107
616,460,73,107
616,462,73,107
617,463,73,107
617,464,73,107
616,463,73,107
618,465,73,107
619,466,73,107
619,467,73,107
620,467,73,107
621,467,73,107
620,466,73,107
622,467,73,107
623,467,73,107
624,467,73,107
625,466,73,107
626,465,73,107
625,464,73,107
627,464,73,107
628,463,73,107
660,635,75,84
667,666,75,54
651,573,75,84
650,572,75,84
624,347,75,84
615,342,75,84
740,1064,75,-344
906,1958,75,-1238
829,1456,75,-736
828,1455,75,-735
447,0,75,84
145,0,75,84
744,1208,75,-488
2272,10097,-992,-9377
2699,11924,-1419,-11204
2698,11923,-1418,-11203
0,0,75,84
0,0,75,84
0,0,75,84
9282,54491,-8002,-53771
20533,116858,-19253,-116138
20532,116857,-19252,-116137
5519,19137,-4239,-18417
0,0,75,84
0,0,75,84
25745,181045,-24465,-180325
164956,991456,-163676,-990736
164955,991455,-163675,-990735
142222,780885,-140942,-780165
0,0,75,84
0,0,75,84
0,0,75,84
1112245,6903747,-1110965,-6903027
1112245,6903746,-1110965,-6903026
1807312,10491187,-1806032,-10490467
0,0,75,84
0,0,75,84
0,0,75,84
5367083,35224234,-5365803,-35223514
5367083,35224234,-5365803,-35223514
17323855,103337686,-17322575,-103336966
8306229,42022254,-8304949,-42021534
0,0,75,84
0,0,75,84
3868679,52066042,-3867399,-52065322
3868679,52066042,-3867399,-52065322
134721403,823016214,-134720123,-823015494
152738011,866710102,-152736731,-866709382
0,0,75,84
0,0,75,84
