655,386,104,163
655,386,104,163
655,386,104,163
655,386,104,163
655,386,104,163
655,386,104,163
655,386,104,163
655,386,104,163
655,386,104,163
655,386,104,163
655,386,104,163
655,386,104,163
655,386,104,163
655,386,104,163
655,386,104,163
655,386,104,163
655,386,104,163
655,386,104,163
655,386,104,163
655,386,104,163
655,386,104,163
655,386,104,163
655,386,104,163
655,386,104,163
655,386,104,163
655,386,104,163
655,386,104,163
655,386,104,163
655,386,104,163
655,386,104,163
655,386,104,163
655,386,104,163
655,386,104,163
655,386,104,163
655,386,104,163
655,386,104,163
655,386,104,163
655,386,104,163
655,386,104,163
655,386,104,163
655,386,104,163
655,386,104,163
655,386,104,163
655,386,104,163
655,386,104,163
655,386,104,163
655,386,104,163
655,386,104,163
655,386,104,163
655,386,104,163
655,386,104,163
655,386,104,163
655,386,104,163
655,386,104,163
655,386,104,163
655,386,104,163
655,386,104,163
655,386,104,163
655,386,104,163
655,386,104,163
655,386,104,163
655,386,104,163
655,386,104,163
655,386,104,163
655,386,104,163
655,386,104,163
655,386,104,163
655,386,104,163
655,386,104,163
655,386,104,163
655,386,104,163
655,386,104,163
655,386,104,163
655,386,104,163
655,386,104,163
655,386,104,163
655,386,104,163
655,386,104,163
655,386,104,163
655,386,104,163
655,386,104,163
655,386,104,163
655,386,104,163
655,386,104,163
655,386,104,163
655,386,104,163
655,386,104,163
655,386,104,163
655,386,104,163
655,386,104,163
655,386,104,163
655,386,104,163
655,386,104,163
655,386,104,163
655,386,104,163
655,386,104,163
655,386,104,163
655,386,104,163
655,386,104,163
655,386,104,163
655,386,104,163
655,386,104,163
655,386,104,163
655,386,104,163
655,386,104,163
655,386,104,163
655,386,104,163
655,386,104,163
655,386,104,163
655,386,104,163
655,386,104,163
655,386,104,163
655,386,104,163
655,386,104,163
655,386,104,163
655,386,104,163
655,386,104,163
655,386,104,163
655,386,104,163
655,386,104,163
655,386,104,163
1205,597,74,91
675,423,74,91
675,423,74,91
675,423,74,91
674,422,74,91
675,423,74,91
675,423,74,91
675,423,74,91
675,423,74,91
675,423,74,91
674,422,74,91
675,423,74,91
675,423,74,91
675,423,74,91
675,423,74,91
675,423,74,91
674,422,74,91
675,423,74,91
675,423,74,91
675,423,74,91
675,423,74,91
675,423,74,91
674,422,74,91
675,423,74,91
675,423,74,91
675,423,74,91
675,423,74,91
675,423,74,91
674,422,74,91
675,423,74,91
675,423,74,91
675,423,74,91
675,423,74,91
675,423,74,91
674,422,74,91
675,423,74,91
675,423,74,91
675,423,74,91
675,423,74,91
675,423,74,91
674,422,74,91
675,423,74,91
675,423,74,91
675,423,74,91
675,423,74,91
675,423,74,91
674,422,74,91
675,423,74,91
675,423,74,91
675,423,74,91
675,423,74,91
675,423,74,91
674,422,74,91
675,423,74,91
675,423,74,91
675,423,74,91
675,423,74,91
675,423,74,91
674,422,74,91
675,423,74,91
675,423,74,91
675,423,74,91
675,423,74,91
675,423,74,91
674,422,74,91
675,423,74,91
675,423,74,91
675,423,74,91
675,423,74,91
675,423,74,91
674,422,74,91
675,423,74,91
675,423,74,91
675,423,74,91
675,423,74,91
675,423,74,91
674,422,74,91
675,423,74,91
675,423,74,91
675,423,74,91
675,423,74,91
675,423,74,91
674,422,74,91
675,423,74,91
675,423,74,91
675,423,74,91
675,423,74,91
675,423,74,91
674,422,74,91
675,423,74,91
675,423,74,91
675,423,74,91
675,423,74,91
675,423,74,91
674,422,74,91
675,423,74,91
675,423,74,91
675,423,74,91
675,423,74,91
675,423,74,91
674,422,74,91
675,423,74,91
675,423,74,91
675,423,74,91
675,423,74,91
675,423,74,91
674,422,74,91
675,423,74,91
675,423,74,91
675,423,74,91
675,423,74,91
675,423,74,91
674,422,74,91
675,423,74,91
675,423,74,91
675,423,74,91
675,423,74,91
675,423,74,91
674,422,74,91
675,423,74,91
675,423,74,91
675,423,74,91
675,423,74,91
675,423,74,91
674,422,74,91
675,423,74,91
675,423,74,91
675,423,74,91
